"date" "lat" "lon" "F1" "F2" "F3" "F4" "F5" "Y"
2000011200 47.53 -122.3 1010.837 1010.934 1009.846 1014.262 1012.468 1012.6
2000011200 47.5 -122.22 1010.898 1010.981 1009.788 1014.346 1012.559 1013.1
2000011200 47.45 -122.3 1010.845 1010.972 1009.713 1014.333 1012.514 1012.3
2000011200 47.658 -122.435 1010.781 1010.822 1009.972 1014.064 1012.243 1012.9
2000011200 47.653 -122.31 1010.889 1010.895 1010.024 1014.182 1012.397 1012.4
2000011300 47.53 -122.3 1013.225 1008.049 1012.704 1013.03 1014.195 1012.8
2000011300 47.5 -122.22 1013.526 1008.533 1012.972 1013.362 1014.438 1013.6
2000011300 47.45 -122.3 1013.569 1008.696 1012.924 1013.389 1014.477 1012.9
2000011300 47.653 -122.31 1012.64 1007.028 1012.281 1012.409 1013.707 1012.4
2000011400 47.53 -122.3 1006.733 1011.506 1013.222 1009.666 1010.391 1013.5
2000011400 47.5 -122.22 1006.639 1011.518 1013.158 1009.578 1010.289 1013.9
2000011400 47.45 -122.3 1006.575 1011.5 1013.137 1009.528 1010.166 1013.2
2000011400 47.653 -122.31 1006.964 1011.502 1013.413 1009.839 1010.731 1013.8
2000012000 47.53 -122.3 1011.225 1010.572 1011.695 1009.828 1013.152 1015
2000012000 47.5 -122.22 1011.399 1010.676 1011.665 1009.922 1013.267 1015.6
2000012000 47.45 -122.3 1011.397 1010.655 1011.698 1009.909 1013.27 1015.1
2000012000 47.658 -122.435 1010.746 1010.299 1011.83 1009.626 1012.821 1015.3
2000012000 47.653 -122.31 1010.978 1010.465 1011.753 1009.696 1012.959 1014.9
2000012100 47.53 -122.3 1019.905 1022.406 1021.347 1021.494 1023.125 1020.7
2000012100 47.5 -122.22 1020.04 1022.409 1021.387 1021.517 1023.127 1021.2
2000012100 47.45 -122.3 1020.03 1022.369 1021.37 1021.495 1023.097 1020.7
2000012100 47.658 -122.435 1019.56 1022.41 1021.245 1021.432 1023.2 1021
2000012100 47.653 -122.31 1019.72 1022.452 1021.328 1021.494 1023.188 1020.7
2000012400 47.53 -122.3 1013.052 1008.643 1005.694 1013.624 1011.792 1016.2
2000012400 47.5 -122.22 1013.154 1008.699 1005.742 1013.716 1011.884 1016.9
2000012400 47.45 -122.3 1013.112 1008.711 1005.765 1013.756 1011.865 1016.4
2000012400 47.658 -122.435 1012.746 1008.47 1005.492 1013.279 1011.726 1015.7
2000012400 47.653 -122.31 1012.904 1008.554 1005.589 1013.401 1011.771 1015.8
2000012600 47.53 -122.3 1031.343 1031.318 1032.165 1029.797 1030.486 1031.7
2000012600 47.5 -122.22 1031.322 1031.21 1032.102 1029.75 1030.451 1032.1
2000012600 47.45 -122.3 1031.35 1031.14 1032.146 1029.774 1030.466 1031.7
2000012600 47.658 -122.435 1031.339 1031.627 1032.26 1029.91 1030.56 1032.3
2000012600 47.653 -122.31 1031.334 1031.552 1032.205 1029.849 1030.526 1031.5
2000012700 47.53 -122.3 1026.367 1025.063 1027.967 1025.503 1025.784 1021.2
2000012700 47.5 -122.22 1026.328 1025.055 1027.934 1025.503 1025.752 1021.5
2000012700 47.45 -122.3 1026.36 1024.946 1027.958 1025.506 1025.764 1021.4
2000012700 47.658 -122.435 1026.362 1025.245 1027.994 1025.43 1025.832 1021.7
2000012700 47.653 -122.31 1026.355 1025.29 1027.976 1025.469 1025.818 1021.1
2000012900 47.53 -122.3 1003.203 1010.911 1006.406 1003.122 1001.463 1008
2000012900 47.5 -122.22 1003.255 1010.924 1006.489 1003.187 1001.479 1008.6
2000012900 47.45 -122.3 1003.054 1010.774 1006.297 1002.89 1001.184 1008.3
2000012900 47.658 -122.435 1003.264 1011.073 1006.421 1003.243 1001.535 1008.3
2000012900 47.653 -122.31 1003.437 1011.15 1006.57 1003.448 1001.769 1008.1
2000020100 47.5 -122.22 1022.311 1024.16 1019.524 1024.061 1023.045 1029.2
2000020100 47.53 -122.3 1022.339 1024.225 1019.575 1024.105 1023.122 1028.9
2000020100 47.45 -122.3 1022.322 1024.159 1019.514 1024.065 1023.03 1028.7
2000020100 47.658 -122.435 1022.474 1024.417 1019.746 1024.256 1023.379 1029.7
2000020100 47.653 -122.31 1022.412 1024.336 1019.68 1024.187 1023.285 1028.9
2000020200 47.53 -122.3 1015.555 1016.441 1014.964 1014.534 1009.674 1016.2
2000020200 47.5 -122.22 1015.381 1016.393 1014.843 1014.421 1009.726 1016.6
2000020200 47.45 -122.3 1015.279 1016.282 1014.767 1014.351 1009.617 1016.2
2000020200 47.658 -122.435 1016.017 1016.736 1015.286 1014.917 1009.619 1016.7
2000020200 47.653 -122.31 1015.909 1016.68 1015.247 1014.837 1009.729 1016.1
2000020300 47.53 -122.3 1014.343 1015.742 1015.877 1016.08 1014.218 1016
2000020300 47.5 -122.22 1014.352 1015.713 1015.845 1016.126 1014.229 1016.5
2000020300 47.45 -122.3 1014.36 1015.759 1015.819 1016.031 1014.2 1016.2
2000020300 47.658 -122.435 1014.314 1015.741 1015.983 1016.052 1014.214 1016.6
2000020300 47.653 -122.31 1014.3 1015.725 1015.98 1016.098 1014.22 1016
2000020400 47.53 -122.3 1010.407 1008.828 1011.769 1012.921 1009.029 1013.1
2000020400 47.5 -122.22 1010.457 1008.839 1011.728 1012.838 1009.086 1013.6
2000020400 47.45 -122.3 1010.367 1008.87 1011.73 1012.874 1009.078 1013.4
2000020400 47.658 -122.435 1010.453 1008.742 1011.836 1013.129 1008.861 1013.7
2000020400 47.653 -122.31 1010.48 1008.783 1011.827 1013.017 1008.938 1013.3
2000020500 47.53 -122.3 1020.435 1019.824 1022.351 1023.065 1018.415 1025.5
2000020500 47.5 -122.22 1020.413 1019.793 1022.337 1023.126 1018.364 1025.9
2000020500 47.45 -122.3 1020.403 1019.672 1022.291 1023.019 1018.354 1025.6
2000020500 47.658 -122.435 1020.511 1020.051 1022.371 1022.951 1018.557 1025.8
2000020500 47.653 -122.31 1020.485 1020.052 1022.424 1023.084 1018.515 1025.5
2000020600 47.53 -122.3 1019.883 1013.839 1022.726 1021.042 1016.174 1022
2000020600 47.5 -122.22 1019.974 1013.91 1022.818 1021.141 1016.259 1022.8
2000020600 47.45 -122.3 1019.97 1013.895 1022.825 1021.167 1016.288 1022.3
2000020600 47.658 -122.435 1019.464 1013.612 1022.417 1020.704 1015.809 1021.8
2000020600 47.653 -122.31 1019.652 1013.729 1022.542 1020.822 1015.988 1021.7
2000020700 47.53 -122.3 1013.495 1015.251 1014.042 1014.374 1016.984 1013.1
2000020700 47.5 -122.22 1013.643 1015.273 1014.12 1014.482 1017.338 1013.4
2000020700 47.45 -122.3 1013.531 1015.329 1014.115 1014.445 1017.518 1013.4
2000020700 47.653 -122.31 1013.425 1015.121 1013.946 1014.256 1016.18 1012.7
2000020800 47.53 -122.3 1017.473 1019.271 1017.73 1016.408 1021.245 1017.5
2000020800 47.5 -122.22 1017.64 1019.341 1017.767 1016.679 1021.362 1018
2000020800 47.45 -122.3 1017.728 1019.358 1017.725 1016.715 1021.369 1017.5
2000020800 47.658 -122.435 1016.88 1019.034 1017.67 1015.875 1020.904 1017.9
2000020800 47.653 -122.31 1017.096 1019.132 1017.735 1016.063 1021.061 1017.3
2000020900 47.53 -122.3 1012.491 1011.61 1014.27 1013.777 1013.312 1011.7
2000020900 47.5 -122.22 1012.588 1011.586 1014.251 1013.799 1013.302 1012
2000020900 47.45 -122.3 1012.531 1011.686 1014.278 1013.812 1013.27 1011.5
2000020900 47.658 -122.435 1012.307 1011.614 1014.292 1013.676 1013.312 1012
2000020900 47.653 -122.31 1012.448 1011.533 1014.272 1013.717 1013.32 1011.6
2000021200 47.53 -122.3 1009.849 1004.093 1009.896 1010.28 1002.004 1000.4
2000021200 47.5 -122.22 1009.845 1003.977 1009.899 1010.298 1001.967 1000.9
2000021200 47.45 -122.3 1009.811 1003.897 1009.872 1010.25 1001.924 1000.4
2000021200 47.658 -122.435 1009.903 1004.457 1009.924 1010.29 1002.16 1001.1
2000021200 47.653 -122.31 1009.901 1004.38 1009.931 1010.324 1002.12 1000.8
2000021300 47.53 -122.3 1008.072 1003.169 1009.864 1009.366 998.072 998.2
2000021300 47.5 -122.22 1008.103 1003.278 1009.855 1009.428 998.138 998.6
2000021300 47.45 -122.3 1008.08 1003.267 1009.833 1009.366 998.145 998.2
2000021300 47.658 -122.435 1008.016 1002.832 1009.917 1009.207 997.835 998.5
2000021300 47.653 -122.31 1008.056 1003.027 1009.913 1009.327 997.941 998
2000021400 47.53 -122.3 1014.588 1016.358 1015.411 1016.111 1011.691 1022.4
2000021400 47.5 -122.22 1014.733 1016.506 1015.525 1016.203 1011.812 1023
2000021400 47.45 -122.3 1014.809 1016.496 1015.58 1016.32 1011.857 1022.6
2000021400 47.658 -122.435 1014.179 1015.945 1015.087 1015.865 1011.275 1022.9
2000021400 47.653 -122.31 1014.264 1016.118 1015.183 1015.919 1011.39 1022.3
2000021500 47.53 -122.3 1021.233 1016.935 1022.453 1019.638 1019.704 1020
2000021500 47.5 -122.22 1021.148 1016.803 1022.377 1019.531 1019.592 1020.3
2000021500 47.45 -122.3 1021.129 1016.772 1022.376 1019.535 1019.583 1019.7
2000021500 47.653 -122.31 1021.389 1017.166 1022.583 1019.798 1019.867 1019.9
2000021600 47.53 -122.3 1021.923 1019.727 1023.007 1020.79 1025.016 1022.8
2000021600 47.5 -122.22 1021.84 1019.594 1022.926 1020.7 1024.91 1023.3
2000021600 47.45 -122.3 1021.807 1019.523 1022.908 1020.643 1024.858 1023
2000021600 47.658 -122.435 1022.188 1020.109 1023.265 1021.087 1025.353 1023.3
2000021600 47.653 -122.31 1022.105 1020.016 1023.184 1021.017 1025.258 1022.6
2000021800 47.53 -122.3 1017.931 1018.51 1018.213 1018.195 1019.928 1014.5
2000021800 47.5 -122.22 1017.898 1018.491 1018.18 1018.192 1019.887 1015.1
2000021800 47.45 -122.3 1017.895 1018.411 1018.171 1018.119 1019.816 1014.9
2000021800 47.658 -122.435 1018.011 1018.645 1018.279 1018.253 1020.07 1014.6
2000021800 47.653 -122.31 1017.975 1018.643 1018.268 1018.268 1020.064 1014.4
2000021900 47.53 -122.3 1002.05 1005.308 1006.488 1005.926 1006.162 1004.3
2000021900 47.5 -122.22 1002.008 1005.289 1006.382 1005.879 1006.103 1004.8
2000021900 47.45 -122.3 1001.953 1005.277 1006.448 1005.808 1006.092 1004.4
2000021900 47.658 -122.435 1002.251 1005.396 1006.657 1006.089 1006.341 1004.5
2000021900 47.653 -122.31 1002.21 1005.377 1006.56 1006.075 1006.31 1004.3
2000022000 47.53 -122.3 1004.473 1006.487 1007.438 1006.739 1003.245 1006.2
2000022000 47.5 -122.22 1004.56 1006.769 1007.558 1006.918 1003.467 1006.9
2000022000 47.45 -122.3 1004.569 1006.928 1007.652 1006.982 1003.557 1006.4
2000022000 47.658 -122.435 1004.074 1005.552 1006.781 1006.092 1002.407 1006.3
2000022000 47.653 -122.31 1004.216 1005.807 1006.993 1006.313 1002.638 1006
2000022100 47.53 -122.3 1003.835 999.982 1006.913 1001.259 999.694 1006.2
2000022100 47.5 -122.22 1004.085 1000.01 1007.077 1001.377 999.82 1006.8
2000022100 47.45 -122.3 1004.04 999.995 1007.021 1001.341 999.731 1006.3
2000022100 47.658 -122.435 1003.201 1000.043 1006.535 1000.969 999.405 1006.1
2000022100 47.653 -122.31 1003.435 1000.075 1006.687 1001.051 999.635 1006
2000022200 47.53 -122.3 1011.827 1011.339 1011.832 1010.435 1011.828 1013.2
2000022200 47.5 -122.22 1011.858 1011.416 1011.89 1010.459 1011.948 1013.5
2000022200 47.45 -122.3 1011.856 1011.465 1011.867 1010.463 1011.972 1013
2000022200 47.658 -122.435 1011.747 1010.97 1011.7 1010.309 1011.481 1013.1
2000022200 47.653 -122.31 1011.769 1011.1 1011.768 1010.354 1011.573 1012.9
2000022300 47.53 -122.3 1008.631 1007.05 1003.833 1010.383 1008.194 1014.1
2000022300 47.5 -122.22 1008.671 1007.061 1003.845 1010.386 1008.224 1014.6
2000022300 47.45 -122.3 1008.624 1007.03 1003.724 1010.364 1008.169 1014.3
2000022300 47.658 -122.435 1008.593 1007.025 1003.914 1010.394 1008.146 1014.2
2000022300 47.653 -122.31 1008.647 1007.065 1004.026 1010.401 1008.233 1014
2000022400 47.53 -122.3 1014.038 1018.285 1010.723 1014.807 1005.794 1012.3
2000022400 47.5 -122.22 1014.169 1018.529 1010.835 1015.001 1005.876 1012.9
2000022400 47.45 -122.3 1014.197 1018.581 1010.757 1015.015 1005.761 1012.3
2000022400 47.658 -122.435 1013.643 1017.573 1010.487 1014.205 1005.712 1012.6
2000022400 47.653 -122.31 1013.788 1017.854 1010.659 1014.44 1005.85 1012.2
2000022500 47.53 -122.3 995.275 1007.299 996.537 998.967 993.146 1006.7
2000022500 47.5 -122.22 995.212 1007.376 996.805 999.204 993.158 1007.2
2000022500 47.45 -122.3 995.045 1007.151 996.606 999.095 993.01 1006.8
2000022500 47.658 -122.435 995.513 1007.286 996.039 998.429 993.337 1006.9
2000022500 47.653 -122.31 995.561 1007.434 996.442 998.745 993.373 1006.9
2000022600 47.53 -122.3 1004.449 1006.806 1006.184 1007.553 1012.217 1006.1
2000022600 47.5 -122.22 1004.558 1007.009 1006.351 1007.694 1012.369 1006.6
2000022600 47.45 -122.3 1004.666 1007.037 1006.64 1007.998 1012.662 1006.3
2000022600 47.658 -122.435 1004.286 1006.278 1005.68 1007.04 1011.586 1006.5
2000022600 47.653 -122.31 1004.347 1006.502 1005.767 1007.134 1011.611 1006.3
2000022700 47.53 -122.3 1007.248 1009.751 1008.836 1010.455 1008.035 1011.6
2000022700 47.5 -122.22 1007.35 1009.818 1008.963 1010.515 1008.163 1012.2
2000022700 47.45 -122.3 1007.299 1009.747 1008.869 1010.506 1008.081 1011.7
2000022700 47.658 -122.435 1006.993 1009.619 1008.558 1010.282 1007.757 1011.7
2000022700 47.653 -122.31 1007.159 1009.746 1008.76 1010.385 1007.939 1011.7
2000022800 47.53 -122.3 1011.306 1013.166 1012.406 1014.658 1009.461 1012.3
2000022800 47.5 -122.22 1011.288 1013.368 1012.474 1014.759 1009.602 1012.9
2000022800 47.45 -122.3 1011.148 1013.449 1012.47 1014.64 1009.586 1012.3
2000022800 47.658 -122.435 1011.551 1012.82 1012.414 1014.44 1009.139 1012.6
2000022800 47.653 -122.31 1011.605 1012.878 1012.45 1014.526 1009.313 1012.4
2000030100 47.53 -122.3 1017.104 1019.23 1017.493 1020.454 1020.178 1022.9
2000030100 47.5 -122.22 1017.251 1019.413 1017.691 1020.651 1020.189 1023.6
2000030100 47.45 -122.3 1017.243 1019.532 1017.73 1020.668 1020.23 1023.2
2000030100 47.658 -122.435 1016.703 1018.865 1016.928 1019.915 1020.004 1023.1
2000030100 47.653 -122.31 1016.845 1018.914 1017.101 1020.097 1020.046 1022.8
2000030200 47.53 -122.3 1013.021 1017.166 1013.205 1015.827 1010.673 1016.7
2000030200 47.5 -122.22 1013.131 1017.267 1013.353 1015.923 1010.831 1017.3
2000030200 47.45 -122.3 1013.082 1017.213 1013.388 1015.904 1010.735 1016.7
2000030200 47.658 -122.435 1012.749 1016.919 1012.682 1015.563 1010.312 1016.4
2000030200 47.653 -122.31 1012.93 1017.075 1012.865 1015.709 1010.548 1016.4
2000030400 47.53 -122.3 1010.187 1009.17 1012.844 1013.452 1011.385 1008.7
2000030400 47.5 -122.22 1010.104 1009.134 1012.802 1013.419 1011.351 1009.2
2000030400 47.45 -122.3 1010.138 1009.161 1012.81 1013.453 1011.369 1008.7
2000030400 47.658 -122.435 1010.417 1009.271 1012.984 1013.572 1011.517 1009.1
2000030400 47.653 -122.31 1010.29 1009.177 1012.914 1013.497 1011.451 1008.9
2000030500 47.53 -122.3 1007.296 1009.759 1011.268 1012.406 1008.558 1008.8
2000030500 47.5 -122.22 1007.326 1009.752 1011.24 1012.415 1008.587 1009.4
2000030500 47.45 -122.3 1007.32 1009.791 1011.287 1012.434 1008.594 1009
2000030500 47.658 -122.435 1007.298 1009.785 1011.364 1012.442 1008.513 1009.2
2000030500 47.653 -122.31 1007.297 1009.748 1011.29 1012.405 1008.529 1008.8
2000030600 47.53 -122.3 1006.458 1011.224 1009.697 1009.772 1006.021 1010.9
2000030600 47.5 -122.22 1006.427 1011.198 1009.674 1009.763 1005.995 1011.3
2000030600 47.45 -122.3 1006.404 1011.208 1009.68 1009.743 1005.988 1011
2000030600 47.658 -122.435 1006.572 1011.283 1009.764 1009.812 1006.117 1011.3
2000030600 47.653 -122.31 1006.549 1011.258 1009.736 1009.823 1006.076 1011
2000030700 47.53 -122.3 1010.493 1012.036 1011.132 1012.428 1011.971 1013.3
2000030700 47.5 -122.22 1010.434 1011.961 1011.07 1012.365 1011.986 1013.8
2000030700 47.45 -122.3 1010.521 1012.046 1011.136 1012.376 1012.002 1013.2
2000030700 47.658 -122.435 1010.565 1012.151 1011.215 1012.6 1011.809 1013.6
2000030700 47.653 -122.31 1010.477 1012.052 1011.154 1012.526 1011.882 1013.2
2000030800 47.53 -122.3 1013.723 1018.42 1018.523 1016.33 1018.806 1020.5
2000030800 47.5 -122.22 1013.701 1018.439 1018.59 1016.315 1018.813 1021.1
2000030800 47.45 -122.3 1013.752 1018.493 1018.617 1016.372 1018.837 1020.7
2000030800 47.658 -122.435 1013.745 1018.348 1018.372 1016.359 1018.779 1020.9
2000030800 47.653 -122.31 1013.698 1018.328 1018.454 1016.307 1018.784 1020.5
2000030900 47.53 -122.3 1014.858 1021.494 1019.836 1017.701 1016.685 1016.3
2000030900 47.5 -122.22 1014.927 1021.541 1019.853 1017.782 1016.722 1016.8
2000030900 47.45 -122.3 1014.824 1021.528 1019.814 1017.661 1016.719 1016.6
2000030900 47.658 -122.435 1014.721 1021.338 1019.818 1017.582 1016.542 1016.3
2000030900 47.653 -122.31 1014.851 1021.428 1019.853 1017.708 1016.568 1016
2000031000 47.53 -122.3 1024.658 1027.657 1025.245 1028.44 1024.839 1029.2
2000031000 47.5 -122.22 1024.777 1027.778 1025.45 1028.551 1025.022 1030
2000031000 47.45 -122.3 1024.932 1027.911 1025.573 1028.68 1024.997 1029.6
2000031000 47.658 -122.435 1024.294 1027.378 1024.673 1028.077 1024.209 1028.7
2000031000 47.653 -122.31 1024.344 1027.377 1024.777 1028.101 1024.461 1028.8
2000031200 47.53 -122.3 1016.432 1015.313 1015.038 1016.523 1015.742 1013.6
2000031200 47.5 -122.22 1016.451 1015.323 1015.049 1016.495 1015.87 1014
2000031200 47.45 -122.3 1016.424 1015.3 1014.984 1016.494 1015.753 1013.8
2000031200 47.658 -122.435 1016.406 1015.256 1015.036 1016.534 1015.489 1013.7
2000031200 47.653 -122.31 1016.447 1015.312 1015.108 1016.565 1015.665 1013.4
2000031300 47.53 -122.3 1017.262 1017.473 1017.706 1019.176 1021.2 1021.7
2000031300 47.5 -122.22 1017.229 1017.557 1017.815 1019.307 1021.208 1022.4
2000031300 47.45 -122.3 1017.277 1017.581 1017.867 1019.564 1021.157 1021.5
2000031300 47.658 -122.435 1017.485 1017.352 1017.492 1018.611 1021.272 1022.7
2000031300 47.653 -122.31 1017.523 1017.414 1017.599 1018.673 1021.248 1022.1
2000031400 47.53 -122.3 1017.258 1021.839 1020.884 1021.006 1012.527 1017.8
2000031400 47.5 -122.22 1017.2 1021.823 1020.889 1020.987 1012.547 1018.3
2000031400 47.45 -122.3 1017.231 1021.893 1020.86 1020.985 1012.506 1017.9
2000031400 47.658 -122.435 1017.354 1021.813 1020.88 1021.042 1012.529 1017.9
2000031400 47.653 -122.31 1017.293 1021.78 1020.902 1021.038 1012.547 1017.6
2000031500 47.45 -122.3 1012.371 1015.524 1013.772 1015.403 1019.65 1019.6
2000031500 47.653 -122.31 1012.064 1015.448 1013.192 1015.162 1019.055 1019.9
2000031900 47.53 -122.3 1026.532 1028.721 1027.948 1027.933 1028.094 1027.2
2000031900 47.5 -122.22 1026.538 1028.788 1027.976 1027.939 1028.111 1027.8
2000031900 47.45 -122.3 1026.612 1028.834 1028.034 1027.998 1028.16 1027.4
2000031900 47.658 -122.435 1026.359 1028.459 1027.818 1027.87 1027.952 1027.1
2000031900 47.653 -122.31 1026.394 1028.548 1027.834 1027.857 1027.977 1026.8
2000032000 47.53 -122.3 1025.424 1024.917 1026.944 1024.513 1024.714 1023.4
2000032000 47.5 -122.22 1025.484 1024.882 1026.99 1024.477 1024.756 1023.8
2000032000 47.45 -122.3 1025.422 1024.929 1026.935 1024.517 1024.701 1023.6
2000032000 47.658 -122.435 1025.329 1024.948 1026.882 1024.59 1024.61 1023.7
2000032000 47.653 -122.31 1025.444 1024.896 1026.961 1024.536 1024.714 1023.3
2000032100 47.53 -122.3 1012.978 1013.375 1009.662 1009.822 1009.751 1011.1
2000032100 47.5 -122.22 1013.13 1013.526 1009.697 1009.946 1009.768 1012
2000032100 47.658 -122.435 1012.682 1013.11 1009.467 1009.436 1009.744 1011.8
2000032100 47.653 -122.31 1012.713 1013.188 1009.54 1009.567 1009.779 1011.4
2000032400 47.53 -122.3 1017.418 1017.42 1019.031 1019.007 1015.399 1023
2000032400 47.5 -122.22 1017.402 1017.351 1019.058 1018.975 1016.929 1023.4
2000032400 47.45 -122.3 1017.447 1017.388 1019.059 1019.039 1018.16 1023.1
2000032400 47.658 -122.435 1017.448 1017.668 1019.001 1019.071 1018.94 1023.2
2000032600 47.53 -122.3 1009.391 1012.112 1008.521 1010.93 1009.959 1011.7
2000032600 47.5 -122.22 1009.448 1012.083 1008.642 1010.956 1010.098 1012.5
2000032600 47.45 -122.3 1009.654 1012.131 1008.719 1011.05 1010.19 1011.9
2000032600 47.658 -122.435 1008.861 1012.106 1008.001 1010.589 1009.505 1011.3
2000032600 47.653 -122.31 1008.925 1012.084 1008.153 1010.666 1009.615 1011.2
2000033100 47.53 -122.3 1028.045 1030.849 1029.76 1029.326 1029.585 1025.6
2000033100 47.5 -122.22 1027.999 1030.773 1029.658 1029.258 1029.457 1026
2000033100 47.45 -122.3 1027.933 1030.759 1029.66 1029.262 1029.444 1025.7
2000033100 47.658 -122.435 1028.21 1031.077 1030.027 1029.513 1029.975 1026.2
2000033100 47.653 -122.31 1028.188 1030.988 1029.924 1029.434 1029.822 1025.7
2000040100 47.45 -122.3 1023.285 1026.332 1024.503 1022.67 1023.55 1023.4
2000040100 47.53 -122.3 1023.386 1026.466 1024.551 1022.739 1023.652 1023.2
2000040100 47.5 -122.22 1023.302 1026.354 1024.481 1022.676 1023.543 1023.5
2000040100 47.658 -122.435 1023.657 1026.787 1024.8 1022.992 1023.966 1023.6
2000040100 47.653 -122.31 1023.555 1026.691 1024.692 1022.897 1023.832 1023.2
2000040500 47.53 -122.3 1022.557 1020.448 1018.932 1019.672 1022.726 1022.7
2000040500 47.5 -122.22 1022.608 1020.465 1019.046 1019.78 1022.728 1023.3
2000040500 47.45 -122.3 1022.626 1020.388 1019.07 1019.825 1022.698 1022.9
2000040500 47.658 -122.435 1022.516 1020.53 1018.497 1019.324 1022.878 1023.3
2000040500 47.653 -122.31 1022.535 1020.55 1018.656 1019.448 1022.852 1022.8
2000040600 47.53 -122.3 1024.234 1024.782 1024.605 1025.484 1027.071 1026.6
2000040600 47.5 -122.22 1024.131 1024.658 1024.498 1025.421 1026.978 1026.8
2000040600 47.45 -122.3 1024.13 1024.651 1024.515 1025.469 1026.996 1026.6
2000040600 47.658 -122.435 1024.598 1025.173 1024.927 1025.67 1027.36 1027.5
2000040600 47.653 -122.31 1024.463 1025.024 1024.8 1025.574 1027.236 1026.7
2000040700 47.53 -122.3 1012.913 1013.945 1016.4 1018.188 1017.003 1015.7
2000040700 47.5 -122.22 1012.884 1013.793 1016.34 1018.105 1016.856 1016.1
2000040700 47.45 -122.3 1012.974 1013.707 1016.398 1018.172 1016.865 1015.8
2000040700 47.658 -122.435 1013.002 1014.481 1016.546 1018.459 1017.431 1016.2
2000040700 47.653 -122.31 1012.934 1014.289 1016.454 1018.308 1017.272 1015.9
2000040800 47.53 -122.3 1019.536 1019.724 1020.102 1021.534 1021.009 1022.1
2000040800 47.5 -122.22 1019.555 1019.842 1020.184 1021.631 1021.138 1022.5
2000040800 47.45 -122.3 1019.704 1019.876 1020.193 1021.649 1021.168 1022.2
2000040800 47.658 -122.435 1019.336 1019.355 1019.816 1021.227 1020.645 1022.4
2000040800 47.653 -122.31 1019.316 1019.499 1019.965 1021.363 1020.769 1022.1
2000040900 47.5 -122.22 1023.464 1022.864 1024.013 1024.73 1025.55 1022
2000040900 47.53 -122.3 1023.58 1022.879 1024.1 1024.781 1025.63 1021.6
2000040900 47.45 -122.3 1023.47 1022.937 1024.064 1024.8 1025.601 1021.7
2000040900 47.658 -122.435 1023.964 1022.906 1024.374 1024.949 1025.888 1022.2
2000040900 47.653 -122.31 1023.815 1022.844 1024.243 1024.842 1025.766 1021.6
2000041000 47.53 -122.3 1017.182 1015.544 1019.012 1019.257 1016.25 1015.9
2000041000 47.5 -122.22 1017.004 1015.415 1018.868 1019.142 1016.14 1016.2
2000041000 47.45 -122.3 1017.008 1015.432 1018.82 1019.149 1016.188 1016.2
2000041000 47.658 -122.435 1017.683 1015.95 1019.413 1019.557 1016.526 1016.5
2000041000 47.653 -122.31 1017.5 1015.756 1019.286 1019.427 1016.387 1016
2000041500 47.53 -122.3 1009.946 1011.988 1010.279 1014.434 1008.104 1012.2
2000041500 47.5 -122.22 1009.804 1011.88 1010.255 1014.397 1007.971 1012.6
2000041500 47.45 -122.3 1009.793 1011.865 1010.275 1014.411 1007.957 1012.3
2000041500 47.658 -122.435 1010.33 1012.329 1010.444 1014.621 1008.528 1012.7
2000041500 47.653 -122.31 1010.188 1012.227 1010.383 1014.55 1008.375 1012.4
2000041600 47.53 -122.3 1007.224 1010.743 1010.144 1012.766 1009.655 1008.9
2000041600 47.5 -122.22 1007.101 1010.619 1010.013 1012.656 1009.585 1009.2
2000041600 47.45 -122.3 1007.122 1010.618 1010.013 1012.661 1009.557 1008.9
2000041600 47.658 -122.435 1007.503 1011.072 1010.526 1013.075 1009.954 1009.4
2000041600 47.653 -122.31 1007.374 1010.94 1010.37 1012.939 1009.879 1009
2000041700 47.53 -122.3 1011.714 1011.336 1015.188 1018.959 1014.232 1013.4
2000041700 47.5 -122.22 1011.771 1011.301 1015.23 1019.044 1014.268 1014
2000041700 47.45 -122.3 1011.883 1011.385 1015.344 1019.179 1014.383 1013.8
2000041700 47.658 -122.435 1011.593 1011.515 1014.915 1018.541 1014.073 1013.5
2000041700 47.653 -122.31 1011.574 1011.472 1014.957 1018.616 1014.067 1013.6
2000042400 47.53 -122.3 1016.628 1019.045 1017.864 1018.712 1016.575 1021.1
2000042400 47.5 -122.22 1016.744 1019.223 1017.924 1018.817 1016.657 1021.9
2000042400 47.45 -122.3 1016.801 1019.249 1017.967 1018.857 1016.702 1021.5
2000042400 47.658 -122.435 1016.192 1018.58 1017.659 1018.442 1016.215 1020.9
2000042400 47.653 -122.31 1016.325 1018.716 1017.685 1018.489 1016.375 1021
2000042900 47.5 -122.22 1017.17 1015.094 1016.864 1016.307 1015.19 1018.2
2000050100 47.53 -122.3 1013.923 1015.127 1014.362 1015.743 1013.425 1012.2
2000050100 47.5 -122.22 1013.938 1015.133 1014.375 1015.752 1013.435 1012.8
2000050100 47.45 -122.3 1013.976 1015.154 1014.387 1015.747 1013.471 1012.3
2000050100 47.658 -122.435 1013.818 1015.057 1014.341 1015.689 1013.282 1013.1
2000050100 47.653 -122.31 1013.825 1015.098 1014.344 1015.727 1013.324 1012.3
2000050300 47.53 -122.3 1015.266 1015.943 1014.83 1017.248 1013.129 1014.5
2000050300 47.5 -122.22 1015.293 1015.987 1014.859 1017.278 1013.196 1014.8
2000050300 47.45 -122.3 1015.388 1016.069 1014.988 1017.391 1013.306 1014.5
2000050300 47.658 -122.435 1015.021 1015.808 1014.599 1016.955 1012.801 1015.7
2000050300 47.653 -122.31 1015.063 1015.81 1014.605 1016.998 1012.839 1014.7
2000050500 47.546 -122.314 1016.049 1016.663 1014.645 1018.217 1016.096 1015.9
2000050500 47.494 -122.213 1015.998 1016.597 1014.578 1018.151 1016.11 1016.3
2000050500 47.445 -122.314 1016.079 1016.644 1014.662 1018.238 1016.172 1016.1
2000050500 47.658 -122.435 1016.134 1016.769 1014.753 1018.337 1015.998 1017.4
2000050500 47.6 -122.4 1016.09 1016.718 1014.704 1018.279 1016.052 1016.9
2000050500 47.653 -122.31 1016.062 1016.706 1014.667 1018.242 1016.018 1016.2
2000050700 47.546 -122.314 1009.441 1014.657 1008.099 1009.974 1010.748 1015.5
2000050700 47.494 -122.213 1009.535 1014.684 1007.963 1009.881 1010.779 1016.1
2000050700 47.445 -122.314 1009.661 1014.829 1008.145 1009.927 1010.999 1015.6
2000050700 47.658 -122.435 1009.267 1014.593 1008.304 1010.184 1010.616 1016.4
2000050700 47.653 -122.31 1009.3 1014.533 1008.151 1010.097 1010.556 1015.3
2000050800 47.546 -122.314 1009.427 1008.886 1009.873 1011.575 1006.237 1005.4
2000050800 47.494 -122.213 1009.533 1009.119 1009.663 1011.393 1006.118 1006.1
2000050800 47.445 -122.314 1009.647 1009.152 1009.643 1011.364 1006.166 1005.5
2000050800 47.658 -122.435 1009.005 1008.587 1010.338 1011.935 1006.522 1005.9
2000050800 47.653 -122.31 1009.121 1008.662 1010.152 1011.802 1006.366 1005
2000051100 47.546 -122.314 1020.621 1021.577 1020.282 1019.96 1018.425 1021.5
2000051100 47.494 -122.213 1020.561 1021.535 1020.211 1019.946 1018.403 1021.9
2000051100 47.445 -122.314 1020.629 1021.593 1020.274 1020.05 1018.431 1021.6
2000051100 47.658 -122.435 1020.718 1021.662 1020.442 1019.94 1018.502 1022.9
2000051100 47.653 -122.31 1020.663 1021.601 1020.35 1019.907 1018.464 1021.6
2000051400 47.546 -122.314 1010.512 1007.989 1008.637 1010.219 1009.04 1011.8
2000051400 47.494 -122.213 1010.701 1007.838 1008.497 1010.074 1008.877 1012.4
2000051400 47.445 -122.314 1010.772 1007.832 1008.452 1010.089 1008.893 1012.4
2000051400 47.658 -122.435 1010.267 1008.234 1008.905 1010.446 1009.316 1012.9
2000051400 47.653 -122.31 1010.271 1008.144 1008.828 1010.342 1009.197 1011.8
2000051600 47.546 -122.314 1020.705 1022.08 1020.77 1021.167 1021.029 1024.8
2000051600 47.494 -122.213 1020.772 1022.229 1020.898 1021.27 1021.189 1025.4
2000051600 47.445 -122.314 1020.789 1022.239 1020.852 1021.277 1021.217 1024.9
2000051600 47.658 -122.435 1020.586 1021.796 1020.569 1020.919 1020.726 1026
2000051600 47.653 -122.31 1020.673 1021.96 1020.742 1021.066 1020.885 1024.7
2000051800 47.546 -122.314 1023.791 1023.183 1022.07 1022.66 1022.387 1024.3
2000051800 47.494 -122.213 1023.8 1023.08 1022.309 1022.735 1022.655 1024.8
2000051800 47.445 -122.314 1023.677 1022.965 1022.247 1022.714 1022.66 1024.6
2000051800 47.658 -122.435 1023.895 1023.448 1021.849 1022.787 1022.007 1025.1
2000051800 47.653 -122.31 1023.939 1023.469 1021.983 1022.788 1022.169 1023.9
2000051900 47.546 -122.314 1017.515 1023.433 1021.15 1021.804 1020.719 1021.6
2000051900 47.494 -122.213 1017.525 1023.343 1021.189 1021.852 1020.729 1022.3
2000051900 47.445 -122.314 1017.655 1023.328 1021.269 1021.908 1020.826 1022.1
2000051900 47.658 -122.435 1017.486 1023.653 1021.077 1021.74 1020.634 1022.4
2000051900 47.653 -122.31 1017.438 1023.597 1021.084 1021.762 1020.585 1021.6
2000052200 47.546 -122.314 1022.033 1019.085 1023.75 1024.995 1020.257 1019.7
2000052200 47.494 -122.213 1021.875 1019.139 1023.615 1024.871 1020.123 1019.9
2000052200 47.445 -122.314 1021.836 1019.212 1023.572 1024.813 1020.066 1019.8
2000052200 47.658 -122.435 1022.394 1018.855 1024.078 1025.336 1020.602 1021
2000052200 47.653 -122.31 1022.255 1018.82 1023.97 1025.228 1020.515 1020
2000052300 47.546 -122.314 1015.187 1015.404 1016.697 1018.403 1015.51 1014.8
2000052300 47.494 -122.213 1015.005 1015.256 1016.568 1018.265 1015.336 1015.3
2000052300 47.445 -122.314 1014.996 1015.218 1016.513 1018.239 1015.326 1015.1
2000052300 47.658 -122.435 1015.516 1015.76 1017.009 1018.677 1015.867 1016.3
2000052400 47.546 -122.314 1010.983 1012.608 1013.884 1014.774 1008.767 1011.3
2000052400 47.494 -122.213 1010.859 1012.533 1013.801 1014.694 1008.851 1011.8
2000052400 47.445 -122.314 1010.844 1012.573 1013.806 1014.738 1008.942 1011.6
2000052400 47.658 -122.435 1011.232 1012.806 1014.144 1015.045 1008.579 1012
2000052400 47.653 -122.31 1011.166 1012.741 1014.077 1014.958 1008.603 1011.4
2000052500 47.546 -122.314 1011.039 1013.221 1017.102 1018.156 1005.674 1009.3
2000052500 47.494 -122.213 1011.152 1013.293 1017.112 1018.227 1005.815 1010.1
2000052500 47.445 -122.314 1011.123 1013.385 1017.162 1018.251 1005.74 1009.5
2000052500 47.658 -122.435 1010.82 1013.043 1017.055 1018.003 1005.572 1010
2000052500 47.653 -122.31 1010.946 1013.088 1017.038 1018.072 1005.625 1009.5
2000052600 47.546 -122.314 1014.769 1015.771 1016.758 1016.91 1009.564 1012.1
2000052600 47.494 -122.213 1014.997 1015.872 1016.908 1017.029 1009.785 1012.6
2000052600 47.445 -122.314 1014.957 1015.876 1016.862 1016.98 1009.869 1012.1
2000052600 47.658 -122.435 1014.26 1015.356 1016.491 1016.697 1009.085 1013
2000052600 47.653 -122.31 1014.465 1015.585 1016.63 1016.827 1009.178 1012.2
2000052800 47.546 -122.314 1021.007 1021.171 1021.232 1021.615 1020.765 1019.1
2000052800 47.494 -122.213 1020.991 1021.057 1021.217 1021.627 1020.593 1019.6
2000052800 47.445 -122.314 1021.063 1021.068 1021.287 1021.683 1020.755 1019.4
2000052800 47.658 -122.435 1021.056 1021.405 1021.244 1021.584 1020.991 1020.2
2000052800 47.653 -122.31 1020.985 1021.318 1021.177 1021.528 1020.824 1019.1
2000060500 47.546 -122.314 1012.446 1015.225 1015.32 1017.016 1013.296 1016.9
2000060500 47.494 -122.213 1012.433 1015.264 1015.414 1017.08 1013.348 1017.6
2000060500 47.445 -122.314 1012.438 1015.315 1015.396 1017.06 1013.407 1017.1
2000060500 47.658 -122.435 1012.472 1015.118 1015.127 1016.932 1013.203 1017.8
2000060500 47.653 -122.31 1012.459 1015.153 1015.206 1016.976 1013.206 1016.6
2000060600 47.546 -122.314 1012.977 1010.332 1014.719 1016.475 1007.662 1013.5
2000060600 47.494 -122.213 1013.074 1010.355 1014.78 1016.526 1007.526 1014
2000060600 47.445 -122.314 1013.095 1010.454 1014.811 1016.579 1007.593 1013.7
2000060600 47.658 -122.435 1012.822 1010.246 1014.532 1016.264 1007.855 1014.7
2000060600 47.653 -122.31 1012.889 1010.24 1014.592 1016.339 1007.771 1013.5
2000060700 47.546 -122.314 1013.276 1013.684 1014.853 1016.025 1011.128 1010.6
2000060700 47.494 -122.213 1013.388 1013.721 1014.88 1015.981 1011.082 1011.4
2000060700 47.445 -122.314 1013.207 1013.628 1014.752 1015.883 1011.076 1011
2000060700 47.658 -122.435 1013.166 1013.758 1014.932 1016.241 1011.374 1011.6
2000060700 47.653 -122.31 1013.284 1013.826 1014.99 1016.219 1011.343 1010.7
2000060800 47.546 -122.314 1010.879 1012.389 1010.703 1013.068 1008.856 1011
2000060800 47.494 -122.213 1010.835 1012.428 1010.719 1013.081 1009.009 1011.6
2000060800 47.445 -122.314 1010.923 1012.611 1010.764 1013.265 1008.978 1011.2
2000060800 47.658 -122.435 1010.878 1012.172 1010.608 1012.958 1008.543 1011.9
2000060800 47.653 -122.31 1010.827 1012.132 1010.624 1012.917 1008.716 1011
2000060900 47.546 -122.314 1014.38 1015.284 1015.14 1017.844 1011.888 1014.9
2000060900 47.494 -122.213 1014.462 1015.309 1015.23 1017.937 1012.07 1015.5
2000060900 47.445 -122.314 1014.518 1015.42 1015.295 1017.964 1012.155 1015.1
2000060900 47.658 -122.435 1014.181 1015.133 1014.846 1017.568 1011.516 1016.1
2000060900 47.653 -122.31 1014.217 1015.101 1014.925 1017.667 1011.605 1015.3
2000061100 47.546 -122.314 1014.663 1020.685 1015.41 1018.393 1018.214 1016
2000061100 47.494 -122.213 1014.943 1021.049 1015.841 1018.71 1018.407 1016.7
2000061100 47.445 -122.314 1015.033 1021.229 1015.911 1018.741 1018.415 1016
2000061100 47.658 -122.435 1014.45 1020.083 1014.662 1017.717 1017.771 1016.5
2000061100 47.653 -122.31 1014.521 1020.218 1014.917 1018.033 1017.952 1015.4
2000061200 47.546 -122.314 1026.385 1030.028 1026.893 1028.799 1026.28 1025.9
2000061200 47.494 -122.213 1026.522 1030.123 1027.016 1028.968 1026.472 1026.4
2000061200 47.445 -122.314 1026.474 1030.188 1027.074 1029.045 1026.508 1026.1
2000061200 47.658 -122.435 1026.125 1029.787 1026.466 1028.422 1025.815 1026.7
2000061200 47.653 -122.31 1026.268 1029.86 1026.638 1028.552 1026.027 1025.8
2000061400 47.546 -122.314 1025.965 1026.119 1025.698 1025.913 1025.039 1025.6
2000061400 47.494 -122.213 1025.886 1025.986 1025.65 1025.867 1024.943 1026.1
2000061400 47.445 -122.314 1025.891 1025.891 1025.607 1025.839 1024.885 1025.9
2000061400 47.658 -122.435 1026.05 1026.438 1025.778 1025.975 1025.252 1027
2000061400 47.653 -122.31 1026.028 1026.35 1025.782 1025.983 1025.18 1025.7
2000061600 47.546 -122.314 1013.335 1015.543 1012.852 1014.231 1013.568 1011.6
2000061600 47.494 -122.213 1013.197 1015.357 1012.766 1014.109 1013.399 1012.2
2000061600 47.445 -122.314 1013.194 1015.383 1012.767 1014.096 1013.4 1012.1
2000061600 47.658 -122.435 1013.591 1015.826 1013.065 1014.447 1013.923 1012.9
2000061600 47.653 -122.31 1013.48 1015.699 1012.976 1014.37 1013.803 1011.9
2000061700 47.546 -122.314 1013.414 1013.236 1012.685 1014.023 1013.72 1014.2
2000061700 47.494 -122.213 1013.412 1013.119 1012.621 1013.938 1013.641 1014.9
2000061700 47.445 -122.314 1013.231 1013.053 1012.354 1013.87 1013.583 1014.5
2000061700 47.658 -122.435 1013.459 1013.606 1012.847 1014.248 1013.915 1015.3
2000061700 47.653 -122.31 1013.488 1013.517 1012.883 1014.201 1013.841 1014.4
2000061800 47.546 -122.314 1021.479 1022.314 1022.818 1023.967 1020.032 1023.5
2000061800 47.494 -122.213 1021.306 1022.165 1022.657 1023.834 1019.942 1024.1
2000061800 47.445 -122.314 1021.261 1022.119 1022.596 1023.784 1019.983 1023.9
2000061800 47.658 -122.435 1021.827 1022.629 1023.148 1024.252 1020.299 1024.7
2000061800 47.653 -122.31 1021.713 1022.529 1023.041 1024.156 1020.192 1023.6
2000062100 47.546 -122.314 1018.553 1016.593 1018.296 1019.972 1017.8 1017.9
2000062100 47.494 -122.213 1018.432 1016.451 1018.133 1019.847 1017.648 1018.4
2000062100 47.658 -122.435 1018.877 1016.951 1018.623 1020.304 1018.162 1019.2
2000062100 47.653 -122.31 1018.774 1016.806 1018.548 1020.217 1018.047 1018
2000062200 47.546 -122.314 1018.123 1019.731 1018.117 1020.56 1016.958 1019.3
2000062200 47.494 -122.213 1017.98 1019.556 1017.987 1020.408 1016.863 1019.8
2000062200 47.445 -122.314 1017.958 1019.542 1018.01 1020.424 1016.881 1019.8
2000062200 47.658 -122.435 1018.501 1020.148 1018.472 1020.945 1017.262 1020.5
2000062200 47.653 -122.31 1018.402 1020.025 1018.362 1020.832 1017.176 1019.4
2000062300 47.546 -122.314 1022.19 1024.148 1024.048 1024.207 1020.502 1023.3
2000062300 47.494 -122.213 1022.054 1024.014 1023.899 1024.045 1020.475 1023.7
2000062300 47.445 -122.314 1022.065 1023.99 1023.885 1024.043 1020.506 1023.6
2000062300 47.658 -122.435 1022.449 1024.421 1024.339 1024.514 1020.612 1024.6
2000062300 47.653 -122.31 1022.326 1024.327 1024.232 1024.389 1020.553 1023.5
2000062400 47.546 -122.314 1021.804 1022.494 1023.382 1022.999 1021.274 1021.5
2000062400 47.494 -122.213 1021.625 1022.306 1023.24 1022.868 1021.069 1021.8
2000062400 47.445 -122.314 1021.626 1022.324 1023.24 1022.881 1021.128 1021.9
2000062400 47.658 -122.435 1022.075 1022.806 1023.613 1023.21 1021.593 1022.8
2000062400 47.653 -122.31 1021.977 1022.672 1023.533 1023.12 1021.422 1021.7
2000062500 47.546 -122.314 1016.779 1018.963 1018.614 1017.784 1017.612 1017
2000062500 47.494 -122.213 1016.592 1018.764 1018.454 1017.597 1017.409 1017.3
2000062500 47.445 -122.314 1016.617 1018.792 1018.463 1017.613 1017.429 1017.4
2000062500 47.658 -122.435 1017.084 1019.294 1018.899 1018.097 1017.945 1018.4
2000062500 47.653 -122.31 1016.957 1019.147 1018.786 1017.966 1017.801 1017.2
2000062600 47.546 -122.314 1014.99 1016.519 1017.645 1017.322 1016.627 1014.1
2000062600 47.494 -122.213 1014.784 1016.344 1017.459 1017.113 1016.436 1014.5
2000062600 47.445 -122.314 1014.806 1016.368 1017.458 1017.129 1016.459 1014.7
2000062600 47.658 -122.435 1015.338 1016.809 1017.961 1017.671 1016.953 1015.4
2000062600 47.653 -122.31 1015.201 1016.684 1017.838 1017.519 1016.812 1014.2
2000062700 47.546 -122.314 1012.415 1016.847 1012.695 1013.148 1015.058 1014
2000062700 47.494 -122.213 1012.253 1016.636 1012.481 1012.898 1014.893 1014.5
2000062700 47.445 -122.314 1012.296 1016.627 1012.519 1012.948 1014.874 1014.7
2000062700 47.658 -122.435 1012.784 1017.193 1013.084 1013.577 1015.351 1015.4
2000062700 47.653 -122.31 1012.648 1017.058 1012.926 1013.396 1015.235 1014.1
2000062800 47.494 -122.213 1014.847 1015.372 1016.463 1017.334 1015.669 1015.3
2000062800 47.546 -122.314 1015.058 1015.571 1016.715 1017.545 1015.828 1014.8
2000062800 47.445 -122.314 1014.714 1015.418 1016.385 1017.217 1015.622 1015.3
2000062800 47.658 -122.435 1015.44 1015.966 1017.185 1017.924 1015.983 1016.4
2000062800 47.653 -122.31 1015.4 1015.854 1017.127 1017.904 1015.945 1014.9
2000062900 47.546 -122.314 1015.306 1017.343 1016.103 1015.685 1015.118 1015.5
2000062900 47.494 -122.213 1015.227 1017.216 1016.071 1015.585 1015.126 1016.1
2000062900 47.445 -122.314 1015.213 1017.242 1016.033 1015.566 1015.041 1015.8
2000062900 47.658 -122.435 1015.488 1017.621 1016.255 1015.95 1015.176 1016.8
2000062900 47.653 -122.31 1015.42 1017.479 1016.234 1015.88 1015.2 1015.7
2000063000 47.546 -122.314 1018.072 1019.41 1019.582 1020.219 1018.154 1017.3
2000063000 47.494 -122.213 1017.975 1019.302 1019.551 1020.214 1018.07 1017.7
2000063000 47.445 -122.314 1017.971 1019.24 1019.479 1020.126 1018.06 1017.4
2000063000 47.658 -122.435 1018.298 1019.637 1019.692 1020.317 1018.179 1018.8
2000063000 47.653 -122.31 1018.176 1019.595 1019.648 1020.275 1018.13 1017.9
